50
1 0.00000e+00 0.00000e+00
2 1.11630e+03 1.55520e+03
3 1.35760e+03 1.47900e+03
4 1.14810e+03 1.77110e+03
5 1.18620e+03 1.79650e+03
6 1.20520e+03 1.88540e+03
7 1.23700e+03 1.99340e+03
8 1.30050e+03 2.00610e+03
9 1.16080e+03 2.02510e+03
10 1.17350e+03 2.03780e+03
11 1.22430e+03 2.05050e+03
12 1.35130e+03 2.24100e+03
13 1.73230e+03 2.13310e+03
14 1.74500e+03 2.19020e+03
15 1.76400e+03 2.29180e+03
16 1.76400e+03 2.34260e+03
17 1.73230e+03 2.39340e+03
18 1.74500e+03 2.41880e+03
19 1.64970e+03 2.43150e+03
20 1.75770e+03 2.52040e+03
21 2.29740e+03 1.77110e+03
22 2.21490e+03 1.42820e+03
23 2.22760e+03 1.33930e+03
24 2.18310e+03 1.32030e+03
25 2.61490e+03 1.11070e+03
26 2.50700e+03 1.16150e+03
27 2.34820e+03 9.52000e+02
28 2.22120e+03 1.00910e+03
29 2.20850e+03 1.08530e+03
30 2.20220e+03 1.13610e+03
31 2.21490e+03 1.17420e+03
32 2.02440e+03 1.12340e+03
33 2.04340e+03 1.30120e+03
34 1.94820e+03 1.30760e+03
35 1.94180e+03 1.39010e+03
36 1.84660e+03 1.41550e+03
37 1.75770e+03 1.36470e+03
38 1.80210e+03 1.35200e+03
39 1.83390e+03 1.26310e+03
40 1.73230e+03 1.25040e+03
41 2.04340e+03 1.58060e+03
42 2.04980e+03 1.74570e+03
43 1.99900e+03 1.80290e+03
44 1.96090e+03 1.81560e+03
45 2.05610e+03 1.82190e+03
46 2.01170e+03 1.82830e+03
47 2.04340e+03 1.85370e+03
48 1.84660e+03 1.78380e+03
49 1.82120e+03 1.82830e+03
50 1.84660e+03 1.86640e+03
